// Filtered network.txt - removed '11' units and corresponding connections
0,2222,1437,1446
4,22,5008
17,222222,126,5006,179
32,2222,1064,81
57,2222,1365,81
81,2222,57,32
126,2222,1045,17
169,22,175
175,2222,169,328
179,22222222,210,17,522,5013
194,222222,651,5013,683
204,2222,956,1347
210,2222,475,179
214,2222,5010,1088
244,2222,245,1470
245,2222,244,1469
246,2222,253,1468
248,2222,257,5010
249,2222,255,256
253,22222222,246,623,1461,1037
254,2222,256,1461
255,2222,249,1460
256,2222,254,249
257,2222,248,1470
275,2222,1010,623
328,2222,175,1446
402,2222,1395,1023
414,2222,1309,415
415,2222,414,1070
457,2222,1400,5005
464,2222,1447,1123
466,2222,716,1448
475,2222,210,666
522,2222,179,551
525,22,1471
551,22222222,5003,522,1446,1442
613,2222,885,713
623,2222,253,275
624,2222,1347,1384
651,2222,194,934
660,2222,887,5001
666,2222,475,1060
668,2222,826,1196
683,2222,194,1458
713,2222,934,613
716,2222,466,892
739,2222,1281,1384
826,2222,668,1113
885,2222,613,1471
887,22222222,660,5006,1031,5011
892,2222,1447,716
934,2222,651,713
956,2222,204,1005
1005,2222,956,1023
1010,2222,275,1401
1012,22,3032
1023,2222,402,1005
1031,22,887
1035,2222,1036,1048
1036,2222,1035,1037
1037,2222,253,1036
1045,2222,126,1445
1048,2222,1035,1049
1049,2222,1048,1113
1060,2222,666,1064
1064,2222,32,1060
1070,2222,1395,415
1086,22,5011
1087,22,1088
1088,22222222,1087,1407,214,1281
1113,2222,826,1049
1123,22,464
1196,2222,668,5003
1281,2222,739,1088
1309,2222,414,1443
1347,222222,204,624,3040
1365,22,57
1379,22,3031
1384,2222,624,739
1395,2222,402,1070
1400,2222,457,1401
1401,222222,1010,3012,1400
1407,22,1088
1425,22,3033
1437,22,0
1442,2222,551,1443
1443,2222,1442,1309
1445,2222,5008,1045
1446,22222222,0,5001,328,551
1447,2222,464,892
1448,222222,466,3003,1449
1449,2222,1448,5005
1458,2222,683,1459
1459,2222,1458,1460
1460,2222,1459,255
1461,2222,254,253
1468,2222,246,1469
1469,2222,1468,245
1470,2222,244,257
1471,222222,525,3030,885
3003,22,1448
3012,22,1401
3030,22,1471
3031,22,1379
3032,22,1012
3033,22,1425
3040,22,1347
5001,2222,660,1446
5003,2222,551,1196
5005,2222,457,1449
5006,2222,17,887
5008,2222,1445,4
5010,2222,248,214
5011,2222,887,1086
5013,2222,179,194
